label start
node (32265, 31142, 7)
action deposit
node (32281, 31139, 7)
node (32292, 31132, 7)
stand (32299, 31134, 7)
action bank
stand (32308, 31132, 7)
action buy_potions
node (32295, 31130, 7)
node (32278, 31125, 7)
node (32261, 31126, 7)
node (32240, 31130, 7)
node (32237, 31118, 7)
stand (32236, 31108, 7)
node (32235, 31102, 6)
node (32243, 31096, 6)
node (32242, 31088, 6)
node (32237, 31085, 6)
node (32234, 31081, 6)
node (32234, 31075, 6)
node (32234, 31072, 6)
action buy_ammo
node (32234, 31083, 6)
node (32244, 31093, 6)
node (32235, 31102, 6)
stand (32236, 31108, 6)
stand (32244, 31110, 7)
stand (32246, 31106, 6)
node (32236, 31102, 5)
node (32227, 31090, 5)
node (32211, 31092, 5)
node (32197, 31092, 5)
node (32186, 31093, 5)
node (32176, 31094, 5)
node (32170, 31105, 5)
node (32169, 31116, 5)
node (32169, 31126, 5)
node (32153, 31126, 5)
node (32151, 31136, 5)
node (32155, 31144, 5)
node (32150, 31153, 5)
node (32149, 31160, 5)
node (32146, 31168, 5)
node (32147, 31176, 5)
node (32149, 31183, 5)
node (32157, 31191, 5)
stand (32153, 31194, 5)
label hunt
node (32144, 31188, 4)
node (32145, 31176, 4)
node (32148, 31164, 4)
node (32150, 31152, 4)
node (32135, 31134, 4)
node (32153, 31144, 4)
node (32156, 31135, 4)
node (32153, 31123, 4)
node (32151, 31110, 4)
node (32146, 31102, 4)
node (32140, 31105, 4)
node (32133, 31109, 4)
node (32123, 31115, 4)
node (32115, 31119, 4)
node (32107, 31120, 4)
node (32098, 31118, 4)
node (32089, 31117, 4)
node (32081, 31127, 4)
node (32097, 31135, 4)
node (32081, 31129, 4)
node (32074, 31140, 4)
node (32071, 31149, 4)
node (32067, 31157, 4)
node (32063, 31166, 4)
node (32061, 31173, 4)
node (32054, 31193, 4)
node (32029, 31206, 4)
node (32018, 31217, 4)
node (32033, 31206, 4)
node (32044, 31196, 4)
node (32057, 31193, 4)
node (32059, 31179, 4)
node (32064, 31163, 4)
node (32068, 31155, 4)
node (32073, 31144, 4)
node (32076, 31132, 4)
node (32082, 31127, 4)
node (32088, 31117, 4)
node (32108, 31120, 4)
node (32120, 31115, 4)
node (32130, 31113, 4)
node (32140, 31106, 4)
node (32144, 31101, 4)
node (32150, 31109, 4)
node (32153, 31121, 4)
node (32157, 31133, 4)
node (32167, 31134, 4)
node (32175, 31137, 4)
node (32181, 31140, 4)
node (32165, 31133, 4)
node (32155, 31143, 4)
node (32149, 31156, 4)
node (32146, 31171, 4)
node (32144, 31185, 4)
node (32149, 31195, 4)
action check
action leave
stand (32153, 31195, 4)
node (32155, 31191, 5)
node (32148, 31182, 5)
node (32146, 31176, 5)
node (32147, 31166, 5)
node (32148, 31160, 5)
node (32150, 31152, 5)
node (32155, 31144, 5)
node (32151, 31139, 5)
node (32152, 31128, 5)
node (32160, 31126, 5)
node (32168, 31128, 5)
node (32170, 31120, 5)
node (32169, 31108, 5)
node (32170, 31102, 5)
node (32172, 31093, 5)
node (32185, 31096, 5)
node (32193, 31101, 5)
node (32206, 31098, 5)
node (32215, 31094, 5)
node (32222, 31090, 5)
node (32233, 31089, 5)
node (32236, 31100, 5)
stand (32246, 31106, 5)
stand (32245, 31112, 6)
node (32240, 31122, 7)
node (32242, 31129, 7)
node (32246, 31141, 7)
node (32260, 31140, 7)