label start
label go_bank
label deactivate_lure
action target_off
stand (33173,31803,7)
action bank
stand (33168,31812,7)
node (33165,31799,8)
stand (33165,31799,8)
action deposit
action refill
node (33166,31800,8)
stand (33168,31812,8)
node (33190,31819,7)
node (33191,31823,7)
node (33206,31844,7)
node (33224,31839,7)
stand (33247,31841,7)
node (33253,31841,6)
stand (33255,31838,6)
stand (33255,31840,7)
action sell
action buy_potions
stand (33255,31838,7)
stand (33247,31841,6)
node (33239,31841,7)
action check_supplies
label go_hunt
node (33236, 31835, 7)
node (33236, 31828, 7)
node (33243, 31822, 7)
node (33243, 31811, 7)
node (33243, 31801, 7)
node (33244, 31792, 7)
node (33249, 31786, 7)
node (33256, 31782, 7)
node (33263, 31781, 7)
node (33270, 31779, 7)
node (33279, 31779, 7)
node (33286, 31775, 7)
node (33286, 31768, 7)
node (33286, 31761, 7)
node (33284, 31754, 7)
node (33284, 31747, 7)
node (33284, 31739, 7)
node (33291, 31737, 7)
node (33298, 31736, 7)
node (33304, 31737, 7)
node (33311, 31737, 7)
node (33313, 31731, 7)
node (33315, 31724, 7)
shovel (33314, 31720, 7)
shovel (33317, 31721, 8)
node (33313, 31717, 9)
node (33315, 31708, 9)
node (33322, 31703, 9)
node (33327, 31695, 9)
node (33336, 31690, 9)
node (33344, 31687, 9)
node (33346, 31679, 9)
node (33350, 31672, 9)
stand (33351, 31670, 9)
node (33353, 31659, 10)
node (33364, 31661, 10)
node (33370, 31670, 10)
node (33381, 31670, 10)
node (33391, 31674, 10)
node (33391, 31683, 10)
node (33391, 31693, 10)
node (33385, 31700, 10)
stand (33378, 31700, 10)
label hunt
action target_on
label activate_lure
node (33383, 31697, 11)
node (33391, 31697, 11)
node (33400, 31697, 11)
node (33414, 31694, 11)
node (33400, 31691, 11)
node (33402, 31678, 11)
node (33413, 31677, 11)
node (33400, 31673, 11)
node (33402, 31662, 11)
node (33414, 31662, 11)
node (33400, 31657, 11)
node (33400, 31647, 11)
node (33411, 31646, 11)
node (33399, 31644, 11)
node (33385, 31643, 11)
node (33370, 31643, 11)
node (33361, 31645, 11)
node (33359, 31660, 11)
node (33349, 31660, 11)
node (33370, 31660, 11)
node (33385, 31667, 11)
node (33378, 31678, 11)
node (33391, 31683, 11)
node (33377, 31687, 11)
node (33365, 31688, 11)
node (33365, 31671, 11)
node (33365, 31684, 11)
node (33365, 31699, 11)
stand (33365, 31703, 11)
node (33373, 31704, 12)
node (33373, 31695, 12)
node (33378, 31681, 12)
node (33369, 31682, 12)
node (33372, 31693, 12)
node (33361, 31695, 12)
node (33353, 31686, 12)
node (33347, 31697, 12)
node (33347, 31714, 12)
node (33346, 31697, 12)
node (33333, 31695, 12)
node (33324, 31687, 12)
node (33340, 31679, 12)
node (33349, 31674, 12)
node (33356, 31664, 12)
node (33341, 31670, 12)
node (33324, 31669, 12)
node (33339, 31664, 12)
node (33340, 31652, 12)
node (33339, 31640, 12)
node (33343, 31655, 12)
node (33354, 31655, 12)
node (33367, 31655, 12)
node (33373, 31663, 12)
node (33368, 31669, 12)
node (33378, 31668, 12)
node (33377, 31654, 12)
node (33378, 31643, 12)
node (33369, 31637, 12)
stand (33363, 31637, 12)
node (33374, 31637, 13)
node (33385, 31637, 13)
node (33387, 31646, 13)
node (33387, 31655, 13)
node (33369, 31654, 13)
node (33383, 31654, 13)
node (33387, 31666, 13)
node (33387, 31675, 13)
node (33389, 31683, 13)
node (33378, 31680, 13)
node (33366, 31679, 13)
node (33366, 31688, 13)
node (33366, 31671, 13)
node (33358, 31679, 13)
node (33353, 31672, 13)
node (33353, 31655, 13)
node (33352, 31671, 13)
node (33353, 31682, 13)
node (33353, 31695, 13)
node (33353, 31708, 13)
node (33363, 31702, 13)
node (33372, 31702, 13)
node (33378, 31702, 13)
node (33392, 31701, 13)
node (33379, 31701, 13)
node (33366, 31702, 13)
node (33353, 31694, 13)
node (33353, 31682, 13)
node (33367, 31680, 13)
node (33379, 31680, 13)
node (33387, 31673, 13)
node (33387, 31659, 13)
node (33387, 31647, 13)
node (33383, 31637, 13)
node (33370, 31637, 13)
stand (33365, 31637, 13)
node (33371, 31637, 12)
node (33378, 31649, 12)
node (33368, 31655, 12)
node (33355, 31655, 12)
node (33344, 31655, 12)
node (33340, 31666, 12)
node (33340, 31682, 12)
node (33345, 31695, 12)
node (33358, 31695, 12)
node (33372, 31695, 12)
node (33370, 31705, 12)
stand (33365, 31703, 12)
node (33365, 31700, 11)
node (33373, 31689, 11)
node (33378, 31680, 11)
node (33378, 31668, 11)
node (33371, 31660, 11)
node (33361, 31654, 11)
node (33362, 31643, 11)
node (33378, 31643, 11)
node (33391, 31643, 11)
node (33400, 31657, 11)
node (33400, 31671, 11)
node (33400, 31682, 11)
node (33400, 31696, 11)
node (33387, 31697, 11)
action check
label leave
label deactivate_lure
action target_off
stand (33379, 31700, 11)
node (33390, 31700, 10)
node (33391, 31689, 10)
node (33391, 31677, 10)
node (33381, 31670, 10)
node (33367, 31670, 10)
node (33363, 31660, 10)
node (33352, 31660, 10)
stand (33351, 31670, 10)
node (33346, 31678, 9)
node (33338, 31688, 9)
node (33326, 31694, 9)
node (33317, 31707, 9)
node (33312, 31717, 9)
rope (33317, 31721, 9)
rope (33314, 31720, 8)
node (33312, 31732, 7)
node (33305, 31738, 7)
node (33299, 31737, 7)
node (33289, 31738, 7)
node (33284, 31749, 7)
node (33285, 31758, 7)
node (33286, 31769, 7)
node (33283, 31777, 7)
node (33273, 31779, 7)
node (33264, 31781, 7)
node (33255, 31783, 7)
node (33247, 31787, 7)
node (33243, 31795, 7)
node (33243, 31802, 7)
node (33243, 31808, 7)
node (33243, 31815, 7)
node (33241, 31824, 7)
node (33231, 31824, 7)
node (33223, 31828, 7)
node (33223, 31836, 7)
node (33218, 31841, 7)
node (33210, 31844, 7)
node (33202, 31844, 7)
node (33195, 31840, 7)
node (33192, 31834, 7)
node (33191, 31827, 7)
node (33191, 31821, 7)
node (33183, 31820, 7)
node (33176, 31820, 7)
node (33172, 31812, 7)
action check_time
label train
node (33190, 31778, 7)
node (33191, 31790, 7)
stand (33179, 31790, 7)
action check_train
label magic
ladder (33181, 31793, 7)
action end
label distance
ladder (33178, 31793, 7)
action end
label club
ladder (33176, 31790, 7)
action end
label sword
ladder (33178, 31787, 7)
action end
label axe
ladder (33181, 31787, 7)
action end
label start trainer
node (33199, 31792, 7)
node (33202,31801,7)                            