label start
label go_bank
stand (33173,31803,7)
action bank
stand (33168,31812,7)
node (33165,31799,8)
stand (33165,31799,8)
action deposit
action refill
node (33166,31800,8)
stand (33168,31812,8)
node (33190,31819,7)
node (33191,31823,7)
node (33206,31844,7)
node (33224,31839,7)
stand (33247,31841,7)
node (33253,31841,6)
stand (33255,31838,6)
stand (33255,31840,7)
action sell
action buy_potions
stand (33255,31838,7)
stand (33247,31841,6)
node (33239,31841,7)
action check_supplies
label go_hunt
node (33236, 31835, 7)
node (33236, 31828, 7)
node (33243, 31822, 7)
node (33243, 31811, 7)
node (33243, 31801, 7)
node (33244, 31792, 7)
node (33249, 31786, 7)
node (33256, 31782, 7)
node (33263, 31781, 7)
node (33270, 31779, 7)
node (33279, 31779, 7)
node (33286, 31775, 7)
node (33286, 31768, 7)
node (33286, 31761, 7)
node (33284, 31754, 7)
node (33284, 31747, 7)
node (33284, 31739, 7)
node (33291, 31737, 7)
node (33298, 31736, 7)
node (33304, 31737, 7)
node (33311, 31737, 7)
node (33313, 31731, 7)
node (33315, 31724, 7)
shovel (33314, 31720, 7)
shovel (33317, 31721, 8)
node (33313, 31718, 9)
node (33313, 31712, 9)
node (33316, 31708, 9)
node (33320, 31705, 9)
node (33324, 31700, 9)
node (33327, 31694, 9)
node (33331, 31688, 9)
node (33339, 31688, 9)
node (33346, 31688, 9)
node (33346, 31682, 9)
node (33346, 31677, 9)
node (33346, 31672, 9)
stand (33350, 31670, 9)
label hunt
node (33351, 31667, 10)
node (33351, 31662, 10)
node (33354, 31658, 10)
node (33361, 31658, 10)
node (33365, 31668, 10)
node (33370, 31671, 10)
node (33377, 31670, 10)
node (33381, 31670, 10)
node (33383, 31659, 10)
node (33382, 31669, 10)
node (33388, 31671, 10)
node (33393, 31676, 10)
node (33401, 31677, 10)
node (33407, 31677, 10)
node (33410, 31672, 10)
node (33410, 31665, 10)
node (33410, 31658, 10)
node (33410, 31667, 10)
node (33410, 31677, 10)
node (33417, 31677, 10)
node (33424, 31677, 10)
node (33430, 31677, 10)
node (33422, 31677, 10)
node (33414, 31677, 10)
node (33406, 31677, 10)
node (33397, 31677, 10)
node (33391, 31684, 10)
node (33383, 31686, 10)
node (33374, 31686, 10)
node (33368, 31686, 10)
node (33363, 31681, 10)
node (33354, 31681, 10)
node (33345, 31681, 10)
node (33334, 31681, 10)
node (33345, 31681, 10)
node (33354, 31681, 10)
node (33363, 31681, 10)
node (33364, 31689, 10)
node (33354, 31694, 10)
node (33364, 31699, 10)
node (33355, 31707, 10)
node (33364, 31713, 10)
node (33355, 31721, 10)
node (33364, 31727, 10)
node (33364, 31743, 10)
node (33364, 31731, 10)
node (33364, 31721, 10)
node (33364, 31711, 10)
node (33364, 31700, 10)
node (33364, 31691, 10)
node (33370, 31686, 10)
node (33380, 31686, 10)
node (33391, 31689, 10)
node (33383, 31700, 10)
node (33398, 31700, 10)
node (33405, 31693, 10)
node (33417, 31692, 10)
node (33404, 31698, 10)
node (33405, 31708, 10)
node (33417, 31710, 10)
node (33406, 31708, 10)
node (33399, 31700, 10)
node (33391, 31706, 10)
node (33391, 31713, 10)
node (33381, 31717, 10)
node (33391, 31722, 10)
node (33396, 31732, 10)
node (33403, 31732, 10)
node (33392, 31727, 10)
node (33391, 31715, 10)
node (33391, 31704, 10)
node (33391, 31694, 10)
node (33391, 31682, 10)
node (33391, 31673, 10)
node (33380, 31670, 10)
node (33370, 31670, 10)
node (33364, 31664, 10)
node (33359, 31659, 10)
node (33351, 31665, 10)
action check
stand (33378, 31700, 11)
label leave
stand (33350, 31670, 10)
node (33347, 31674, 9)
node (33346, 31683, 9)
node (33340, 31688, 9)
node (33330, 31688, 9)
node (33323, 31701, 9)
node (33318, 31706, 9)
node (33312, 31713, 9)
node (33315, 31718, 9)
rope (33317, 31721, 9)
rope (33314, 31720, 8)
node (33312, 31732, 7)
node (33305, 31738, 7)
node (33299, 31737, 7)
node (33289, 31738, 7)
node (33284, 31749, 7)
node (33285, 31758, 7)
node (33286, 31769, 7)
node (33283, 31777, 7)
node (33273, 31779, 7)
node (33264, 31781, 7)
node (33255, 31783, 7)
node (33247, 31787, 7)
node (33243, 31795, 7)
node (33243, 31802, 7)
node (33243, 31808, 7)
node (33243, 31815, 7)
node (33241, 31824, 7)
node (33231, 31824, 7)
node (33223, 31828, 7)
node (33223, 31836, 7)
node (33218, 31841, 7)
node (33210, 31844, 7)
node (33202, 31844, 7)
node (33195, 31840, 7)
node (33192, 31834, 7)
node (33191, 31827, 7)
node (33191, 31821, 7)
node (33183, 31820, 7)
node (33176, 31820, 7)
node (33172, 31812, 7)
action check_time
label train
node (33190, 31778, 7)
node (33191, 31790, 7)
stand (33179, 31790, 7)
action check_train
label magic
ladder (33181, 31793, 7)
action end
label distance
ladder (33178, 31793, 7)
action end
label club
ladder (33176, 31790, 7)
action end
label sword
ladder (33178, 31787, 7)
action end
label axe
ladder (33181, 31787, 7)
action end
label start trainer
node (33199, 31792, 7)
node (33202,31801,7)
