label start
stand (33019,31459,11)
node (33012,31481,10)
stand (33013,31487,10)
door (33013,31488,10)
stand (33012,31492,10)
action bank
stand (33009,31492,10)
door (33008,31492,10)
node (33011,31521,10)
stand (33010,31538,10)
door (33010,31537,10)
stand (33009,31534,10)
action sell
action buy_potions
stand (33010,31536,10)
door (33010,31537,10)
node (33017,31539,10)
action check_supplies
label go_hunt
node (33047,31532,10)
stand (33061,31530,10)
door (33061,31529,10)
stand (33061,31527,10)
ladder (33062,31527,10)
ladder (33062,31527,10)
stand (32990,31548,4)
door (32990,31547,4)
stand (32991,31539,4)
ladder (32992,31539,4)
ladder (32992,31539,4)
stand (32991,31543,1)
stand (32999,31544,2)
stand (33004,31543,1)
stand (33004,31540,0)
stand (33198,31345,6)
stand (33146,31249,6)
node (33178,31240,7)
node (33215,31226,7)
node (33247,31209,7)
node (33271,31180,7)
node (33304,31156,7)
node (33314,31141,7)
stand (33312,31133,7)
node (33332,31131,6)
stand (33339,31140,6)
node (33354,31136,5)
stand (33362,31124,5)
stand (33364,31125,6)
node (33357,31136,7)
node (33336,31113,7)
shovel (33345,31116,7)
node (33341,31150,8)
node (33331,31190,8)
node (33297,31211,8)
stand (33287,31204,8)
label hunt
node (33281, 31194, 9)
node (33283, 31183, 9)
node (33276, 31175, 9)
node (33266, 31168, 9)
node (33263, 31158, 9)
node (33256, 31151, 9)
node (33255, 31142, 9)
node (33262, 31156, 9)
node (33266, 31165, 9)
node (33276, 31171, 9)
node (33293, 31169, 9)
node (33293, 31169, 9)
node (33289, 31155, 9)
node (33280, 31148, 9)
node (33273, 31142, 9)
node (33269, 31133, 9)
node (33257, 31123, 9)
node (33269, 31124, 9)
node (33276, 31116, 9)
node (33287, 31115, 9)
node (33298, 31115, 9)
node (33313, 31116, 9)
node (33319, 31120, 9)
node (33326, 31126, 9)
node (33322, 31136, 9)
node (33310, 31130, 9)
node (33322, 31143, 9)
node (33322, 31143, 9)
node (33322, 31162, 9)
node (33328, 31170, 9)
node (33321, 31175, 9)
node (33315, 31169, 9)
node (33310, 31162, 9)
node (33303, 31153, 9)
node (33296, 31147, 9)
node (33295, 31137, 9)
node (33291, 31129, 9)
node (33296, 31138, 9)
node (33301, 31147, 9)
node (33306, 31155, 9)
node (33311, 31163, 9)
node (33315, 31169, 9)
node (33310, 31177, 9)
node (33301, 31179, 9)
node (33290, 31184, 9)
node (33285, 31185, 9)
action check
label leave
node (33281,31201,9)
stand (33287,31204,9)
node (33317,31207,8)
node (33344,31175,8)
node (33341,31140,8)
node (33340,31123,8)
rope (33345,31116,8)
node (33339,31127,7)
node (33362,31135,7)
stand (33364,31125,7)
stand (33362,31124,6)
ladder (33362,31124,6)
node (33355,31135,5)
node (33348, 31137, 5)
node (33343, 31141, 5)
node (33338, 31142, 5)
stand (33339, 31140, 5)
node (33341, 31136, 6)
node (33337, 31132, 6)
node (33327, 31131, 6)
node (33318, 31130, 6)
stand (33312, 31133, 6)
node (33313, 31139, 7)
node (33314, 31146, 7)
node (33307, 31153, 7)
node (33306, 31163, 7)
node (33304, 31175, 7)
node (33293, 31181, 7)
node (33284, 31188, 7)
node (33279, 31197, 7)
node (33269, 31204, 7)
node (33255, 31206, 7)
node (33236, 31214, 7)
node (33221, 31223, 7)
node (33205, 31235, 7)
node (33196, 31237, 7)
node (33176, 31241, 7)
node (33166, 31252, 7)
node (33155, 31252, 7)
stand (33146, 31249, 7)
stand (33146, 31246, 6)
stand (33198, 31348, 6)
label zao_steppe
node (33181, 31351, 7)
node (33163, 31354, 7)
node (33146, 31357, 7)
node (33134, 31363, 7)
node (33124, 31375, 7)
node (33115, 31387, 7)
stand (33109, 31392, 7)
stand (33106, 31397, 7)
node (33101, 31407, 7)
node (33099, 31415, 7)
node (33095, 31427, 7)
node (33090, 31443, 7)
node (33090, 31456, 7)
node (33092, 31471, 7)
node (33087, 31483, 7)
node (33086, 31499, 7)
node (33089, 31516, 7)
node (33091, 31526, 7)
node (33087, 31530, 7)
stand (33081, 31532, 7)
node (33075, 31536, 6)
node (33068, 31544, 6)
node (33057, 31552, 6)
node (33046, 31555, 6)
node (33038, 31546, 6)
node (33029, 31549, 6)
stand (33027, 31548, 6)
action levitate_west_up
stand (33013, 31556, 5)
stand (33013, 31555, 5)
stand (33008, 31554, 4)
action levitate_south_down
stand (33005, 31557, 5)
stand (33004, 31557, 5)
stand (32993, 31547, 4)
ladder (32994,31547,4)
ladder (32994,31547,4)
stand (33060,31528,10)
ladder (33060,31529,10)
node (33041, 31534, 10)
node (33030, 31535, 10)
stand (33031, 31530, 10)
door (33032, 31530, 10)
stand (33034, 31530, 10)
action sell
stand (33033, 31530, 10)
door (33032, 31530, 10)
node (33028, 31529, 10)
node (33001,31496,10)
stand (33007,31492,10)
door (33008,31492,10)
stand (33012,31492,10)
action bank
stand (33012,31489,10)
door (33012,31488,10)
node (33017,31467,10)
stand (33019,31459,10)
node (33024,31454,11)
action deposit
node (33022,31458,11)
node (33022,31458,11)
action check_time
label train
node (33021, 31458, 11)
stand (33019, 31458, 11)
node (33017, 31465, 10)
node (33010, 31482, 10)
node (33001, 31498, 10)
node (33004, 31513, 10)
node (33017, 31528, 10)
node (33018, 31539, 10)
node (33024,31547,10)
stand (33025,31552,10)
action travel_cormaya
stand (33024, 31552, 10)
node (33310, 31994, 15)
stand (33311, 31997, 15)
stand (33309, 31996, 14)
stand (33311, 31997, 13)
stand (33309, 31996, 12)
stand (33311, 31997, 11)
stand (33309, 31996, 10)
stand (33311, 31997, 9)
stand (33309, 31996, 8)
node (33310, 32001, 7)
node (33296, 32003, 7)
node (33288, 31997, 7)
node (33288, 31989, 7)
node (33294, 31984, 7)
node (33303, 31978, 7)
node (33300, 31967, 7)
node (33296, 31962, 7)
ladder (33293, 31960, 7)
stand (33288, 31956, 6)
action travel_edron
node (33176, 31769, 6)
stand (33175, 31775, 6)
node (33191, 31785, 7)
node (33188, 31790, 7)
stand (33179, 31790, 7)
action check_train
label magic
ladder (33181, 31793, 7)
action end
label distance
ladder (33178, 31793, 7)
action end
label club
ladder (33176, 31790, 7)
action end
label sword
ladder (33178, 31787, 7)
action end
label axe
ladder (33181, 31787, 7)
action end
label start_trainer
node (33184, 31790, 7)
node (33191, 31786, 7)
node (33184, 31778, 7)
node (33176, 31777, 7)
ladder (33175, 31775, 7)
node (33176, 31769, 6)
stand (33175, 31764, 6)
action travel_cormaya
node (33292, 31957, 6)
stand (33293, 31960, 6)
node (33298, 31965, 7)
node (33298, 31965, 7)
node (33303, 31977, 7)
node (33300, 31983, 7)
node (33291, 31983, 7)
node (33288, 31989, 7)
node (33288, 32000, 7)
node (33293, 32004, 7)
node (33303, 32004, 7)
node (33309, 32003, 7)
node (33310, 31999, 7)
stand (33309, 31996, 7)
stand (33311, 31997, 8)
stand (33309, 31996, 9)
stand (33311, 31997, 10)
stand (33309, 31996, 11)
stand (33311, 31997, 12)
stand (33309, 31996, 13)
stand (33311, 31997, 14)
node (33309, 31994, 15)
stand (33310, 31989, 15)
action travel_farmine
node (33025, 31550, 10)
node (33025, 31542, 10)
node (33017, 31529, 10)
node (33010, 31518, 10)
node (33000, 31501, 10)
node (33004, 31487, 10)
node (33011, 31481, 10)
node (33016, 31472, 10)
node (33018, 31464, 10)
stand (33019, 31459, 10)
node (33024, 31454, 11)
action deposit
action refill