label start
label go_bank
stand (33173,31803,7)
action bank
stand (33168,31812,7)
node (33165,31799,8)
stand (33165,31799,8)
action deposit
action refill
node (33166,31800,8)
stand (33168,31812,8)
node (33190,31819,7)
node (33191,31823,7)
node (33206,31844,7)
node (33224,31839,7)
stand (33247,31841,7)
node (33253,31841,6)
stand (33255,31838,6)
stand (33255,31840,7)
action sell
action buy_potions
stand (33255,31838,7)
stand (33247,31841,6)
node (33239,31841,7)
action check_supplies
label go_hunt
node (33236, 31835, 7)
node (33236, 31828, 7)
node (33243, 31822, 7)
node (33243, 31811, 7)
node (33243, 31801, 7)
node (33244, 31792, 7)
node (33249, 31786, 7)
node (33256, 31782, 7)
node (33263, 31781, 7)
node (33270, 31779, 7)
node (33279, 31779, 7)
node (33286, 31775, 7)
node (33286, 31768, 7)
node (33286, 31761, 7)
node (33284, 31754, 7)
node (33284, 31747, 7)
node (33284, 31739, 7)
node (33291, 31737, 7)
node (33298, 31736, 7)
node (33304, 31737, 7)
node (33311, 31737, 7)
node (33313, 31731, 7)
node (33315, 31724, 7)
shovel (33314, 31720, 7)
shovel (33317, 31721, 8)
node (33313, 31718, 9)
node (33313, 31712, 9)
node (33316, 31708, 9)
node (33320, 31705, 9)
node (33324, 31700, 9)
node (33327, 31694, 9)
node (33331, 31688, 9)
node (33339, 31688, 9)
node (33346, 31688, 9)
node (33346, 31682, 9)
node (33346, 31677, 9)
node (33346, 31672, 9)
stand (33350, 31670, 9)
node (33351, 31663, 10)
node (33357, 31659, 10)
node (33366, 31666, 10)
node (33374, 31671, 10)
node (33382, 31671, 10)
node (33390, 31671, 10)
node (33390, 31680, 10)
node (33390, 31688, 10)
node (33390, 31698, 10)
node (33382, 31700, 10)
stand (33378, 31700, 10)
label hunt
node (33386, 31697, 11)
node (33395, 31697, 11)
node (33402, 31694, 11)
node (33413, 31692, 11)
node (33400, 31684, 11)
node (33405, 31677, 11)
node (33412, 31677, 11)
node (33400, 31672, 11)
node (33400, 31665, 11)
node (33412, 31662, 11)
node (33400, 31658, 11)
node (33400, 31650, 11)
node (33409, 31646, 11)
node (33398, 31643, 11)
node (33387, 31643, 11)
node (33378, 31643, 11)
node (33368, 31643, 11)
node (33361, 31637, 11)
node (33359, 31626, 11)
node (33349, 31626, 11)
node (33341, 31635, 11)
node (33342, 31645, 11)
node (33341, 31633, 11)
node (33346, 31626, 11)
node (33359, 31626, 11)
node (33361, 31639, 11)
node (33361, 31648, 11)
node (33361, 31654, 11)
node (33349, 31660, 11)
node (33361, 31660, 11)
node (33372, 31660, 11)
node (33378, 31665, 11)
node (33390, 31667, 11)
node (33378, 31671, 11)
node (33378, 31681, 11)
node (33390, 31683, 11)
node (33379, 31686, 11)
node (33372, 31689, 11)
node (33365, 31681, 11)
node (33365, 31670, 11)
node (33365, 31679, 11)
node (33365, 31690, 11)
node (33365, 31697, 11)
stand (33364, 31703, 11)
node (33372, 31703, 12)
node (33373, 31690, 12)
node (33373, 31681, 12)
node (33373, 31688, 12)
node (33366, 31695, 12)
node (33355, 31695, 12)
node (33353, 31687, 12)
node (33350, 31696, 12)
node (33347, 31712, 12)
node (33347, 31697, 12)
node (33339, 31695, 12)
node (33327, 31690, 12)
node (33339, 31685, 12)
node (33340, 31675, 12)
node (33326, 31670, 12)
node (33340, 31670, 12)
node (33354, 31670, 12)
node (33340, 31667, 12)
node (33340, 31657, 12)
node (33340, 31644, 12)
node (33343, 31655, 12)
node (33354, 31655, 12)
node (33363, 31655, 12)
node (33373, 31665, 12)
node (33378, 31654, 12)
node (33378, 31646, 12)
node (33372, 31637, 12)
node (33358, 31637, 12)
node (33375, 31637, 12)
node (33378, 31649, 12)
node (33374, 31658, 12)
node (33369, 31668, 12)
node (33373, 31659, 12)
node (33363, 31655, 12)
node (33350, 31655, 12)
node (33340, 31645, 12)
node (33340, 31657, 12)
node (33340, 31669, 12)
node (33325, 31669, 12)
node (33340, 31669, 12)
node (33353, 31669, 12)
node (33340, 31678, 12)
node (33339, 31686, 12)
node (33326, 31691, 12)
node (33341, 31695, 12)
node (33352, 31695, 12)
node (33347, 31714, 12)
node (33347, 31701, 12)
node (33354, 31687, 12)
node (33361, 31695, 12)
node (33373, 31695, 12)
node (33374, 31681, 12)
node (33373, 31695, 12)
node (33370, 31704, 12)
action check
stand (33362, 31637, 13)
label leave
stand (33364, 31703, 12)
node (33365, 31697, 11)
node (33371, 31689, 11)
node (33377, 31679, 11)
node (33377, 31668, 11)
node (33368, 31660, 11)
node (33362, 31651, 11)
node (33369, 31644, 11)
node (33379, 31644, 11)
node (33394, 31644, 11)
node (33399, 31650, 11)
node (33399, 31660, 11)
node (33399, 31670, 11)
node (33399, 31682, 11)
node (33399, 31694, 11)
node (33389, 31697, 11)
node (33381, 31697, 11)
stand (33378, 31700, 11)
node (33390, 31700, 10)
node (33390, 31691, 10)
node (33390, 31677, 10)
node (33383, 31670, 10)
node (33367, 31670, 10)
node (33361, 31659, 10)
node (33351, 31663, 10)
stand (33350, 31670, 10)
node (33346, 31678, 9)
node (33344, 31687, 9)
node (33334, 31687, 9)
node (33326, 31699, 9)
node (33316, 31708, 9)
node (33315, 31719, 9)
rope (33317, 31721, 9)
rope (33314, 31720, 8)
node (33312, 31732, 7)
node (33305, 31738, 7)
node (33299, 31737, 7)
node (33289, 31738, 7)
node (33284, 31749, 7)
node (33285, 31758, 7)
node (33286, 31769, 7)
node (33283, 31777, 7)
node (33273, 31779, 7)
node (33264, 31781, 7)
node (33255, 31783, 7)
node (33247, 31787, 7)
node (33243, 31795, 7)
node (33243, 31802, 7)
node (33243, 31808, 7)
node (33243, 31815, 7)
node (33241, 31824, 7)
node (33231, 31824, 7)
node (33223, 31828, 7)
node (33223, 31836, 7)
node (33218, 31841, 7)
node (33210, 31844, 7)
node (33202, 31844, 7)
node (33195, 31840, 7)
node (33192, 31834, 7)
node (33191, 31827, 7)
node (33191, 31821, 7)
node (33183, 31820, 7)
node (33176, 31820, 7)
node (33172, 31812, 7)
action check_time
label train
node (33190, 31778, 7)
node (33191, 31790, 7)
stand (33179, 31790, 7)
action check_train
label magic
ladder (33181, 31793, 7)
action end
label distance
ladder (33178, 31793, 7)
action end
label club
ladder (33176, 31790, 7)
action end
label sword
ladder (33178, 31787, 7)
action end
label axe
ladder (33181, 31787, 7)
action end
label start trainer
node (33199, 31792, 7)
node (33202,31801,7)