label start
label start_thais_dp
label mission_1
node (32345, 32223, 7)
node (32354, 32215, 7)
node (32368, 32215, 7)
node (32368, 32197, 7)
node (32368, 32184, 7)
node (32368, 32172, 7)
node (32368, 32162, 7)
node (32384, 32162, 7)
node (32397, 32162, 7)
node (32408, 32158, 7)
node (32415, 32150, 7)
node (32424, 32144, 7)
node (32432, 32138, 7)
node (32446, 32138, 7)
node (32449, 32123, 7)
node (32464, 32123, 7)
node (32481, 32126, 7)
node (32496, 32122, 7)
node (32501, 32110, 7)
node (32506, 32101, 7)
node (32511, 32093, 7)
node (32519, 32088, 7)
stand (32524, 32087, 7)
stand (32531, 32087, 6)
node (32539, 32083, 7)
node (32544, 32078, 7)
stand (32548, 32076, 7)
stand (32554, 32076, 6)
node (32560, 32069, 7)
node (32565, 32060, 7)
node (32565, 32049, 7)
node (32566, 32040, 7)
node (32568, 32031, 7)
node (32572, 32024, 7)
stand (32567, 32021, 7)
stand (32568, 32020, 6)
label kevin_mission1
stand (32567, 32021, 6)
node (32571, 32026, 7)
node (32567, 32037, 7)
node (32566, 32052, 7)
node (32563, 32062, 7)
node (32560, 32071, 7)
node (32557, 32075, 7)
stand (32554, 32076, 7)
stand (32548, 32076, 6)
node (32540, 32082, 7)
node (32535, 32086, 7)
stand (32531, 32087, 7)
stand (32524, 32087, 6)
node (32514, 32090, 7)
node (32507, 32097, 7)
node (32501, 32106, 7)
node (32498, 32113, 7)
node (32495, 32121, 7)
node (32487, 32125, 7)
node (32473, 32124, 7)
node (32460, 32120, 7)
node (32448, 32122, 7)
node (32447, 32135, 7)
node (32431, 32138, 7)
node (32423, 32145, 7)
node (32414, 32152, 7)
node (32408, 32158, 7)
node (32397, 32162, 7)
node (32386, 32162, 7)
node (32376, 32162, 7)
node (32369, 32162, 7)
node (32369, 32173, 7)
node (32369, 32186, 7)
node (32369, 32198, 7)
node (32369, 32210, 7)
node (32369, 32215, 7)
node (32356, 32215, 7)
node (32342, 32215, 7)
node (32329, 32215, 7)
ladder (32321, 32211, 7)
node (32310, 32210, 6)
stand (32310, 32211, 6)
action travel_carlin
node (32387, 31815, 6)
stand (32378, 31815, 6)
node (32369, 31811, 7)
node (32368, 31799, 7)
node (32368, 31790, 7)
node (32382, 31787, 7)
node (32394, 31785, 7)
node (32401, 31774, 7)
node (32401, 31755, 7)
node (32414, 31750, 7)
node (32427, 31750, 7)
node (32438, 31749, 7)
node (32446, 31752, 7)
node (32458, 31752, 7)
node (32473, 31751, 7)
node (32482, 31759, 7)
node (32492, 31764, 7)
node (32501, 31770, 7)
node (32507, 31779, 7)
node (32512, 31791, 7)
node (32524, 31793, 7)
node (32532, 31800, 7)
node (32531, 31808, 7)
node (32530, 31816, 7)
node (32524, 31822, 7)
node (32517, 31827, 7)
node (32511, 31833, 7)
stand (32512, 31839, 7)
stand (32520, 31838, 6)
stand (32526, 31838, 5)
stand (32535, 31837, 4)
label Lizon_mission1
stand (33189, 31785, 3)
node (33204, 31782, 4)
node (33212, 31783, 4)
stand (33215, 31784, 4)
stand (33215, 31783, 5)
stand (33215, 31784, 6)
stand (33215, 31789, 7)
door (33214, 31789, 7)
node (33203, 31789, 7)
node (33195, 31789, 7)
node (33191, 31789, 7)
node (33191, 31783, 7)
node (33189, 31778, 7)
node (33182, 31777, 7)
ladder (33175, 31775, 7)
node (33175, 31769, 6)
stand (33175, 31764, 6)
action travel_venore
node (32955, 32027, 6)
node (32954, 32039, 6)
node (32954, 32047, 6)
node (32954, 32057, 6)
node (32954, 32066, 6)
node (32945, 32071, 6)
node (32934, 32071, 6)
node (32926, 32071, 6)
node (32907, 32073, 6)
node (32898, 32078, 6)
node (32898, 32089, 6)
node (32898, 32099, 6)
node (32898, 32109, 6)
node (32898, 32117, 6)
node (32898, 32126, 6)
node (32884, 32126, 6)
node (32871, 32126, 6)
stand (32862, 32126, 6)
node (32853, 32126, 7)
node (32843, 32123, 7)
node (32838, 32116, 7)
node (32832, 32111, 7)
node (32824, 32111, 7)
node (32816, 32106, 7)
node (32813, 32099, 7)
node (32808, 32095, 7)
node (32803, 32090, 7)
node (32796, 32087, 7)
stand (32791, 32087, 7)
stand (32785, 32087, 6)
node (32777, 32084, 7)
node (32768, 32081, 7)
node (32758, 32081, 7)
node (32748, 32081, 7)
node (32743, 32075, 7)
node (32737, 32069, 7)
node (32729, 32059, 7)
node (32720, 32052, 7)
node (32715, 32044, 7)
node (32707, 32040, 7)
node (32696, 32032, 7)
node (32685, 32028, 7)
node (32674, 32026, 7)
node (32661, 32027, 7)
node (32652, 32022, 7)
node (32641, 32018, 7)
node (32634, 32011, 7)
node (32630, 32000, 7)
node (32624, 31993, 7)
node (32617, 31986, 7)
node (32613, 31981, 7)
stand (32614, 31976, 7)
node (32617, 31963, 6)
stand (32609, 31963, 6)
node (32614, 31955, 7)
stand (32619, 31947, 7)
label lukosch_mission1
stand (32619, 31944, 7)
ladder (32618, 31944, 7)
node (32618, 31902, 9)
node (32610, 31906, 9)
stand (32605, 31908, 9)
ladder (32604, 31909, 9)
node (32672, 31978, 15)
node (32666, 31974, 15)
node (32662, 31966, 15)
node (32659, 31961, 15)
stand (32659, 31957, 15)
action travel_cormaya
stand (33311, 31988, 15)
action travel_kazordoon
label mission_2
node (32660, 31965, 15)
node (32664, 31968, 15)
node (32666, 31972, 15)
node (32670, 31978, 15)
stand (32673, 31974, 15)
ladder (32672, 31974, 15)
node (32610, 31904, 9)
node (32615, 31901, 9)
stand (32620, 31899, 9)
ladder (32619, 31899, 9)
node (32618, 31950, 7)
node (32613, 31955, 7)
stand (32609, 31963, 7)
node (32618, 31970, 6)
stand (32614, 31976, 6)
node (32601, 31988, 7)
node (32592, 31996, 7)
node (32583, 32005, 7)
node (32577, 32014, 7)
node (32573, 32022, 7)
stand (32567, 32021, 7)
stand (32568, 32020, 6)
label kevin_mission2
stand (32567, 32021, 6)
node (32571, 32026, 7)
node (32567, 32037, 7)
node (32566, 32052, 7)
node (32563, 32062, 7)
node (32560, 32071, 7)
node (32557, 32075, 7)
stand (32554, 32076, 7)
stand (32548, 32076, 6)
node (32540, 32082, 7)
node (32535, 32086, 7)
stand (32531, 32087, 7)
stand (32524, 32087, 6)
node (32514, 32090, 7)
node (32507, 32097, 7)
node (32501, 32106, 7)
node (32498, 32113, 7)
node (32495, 32121, 7)
node (32487, 32125, 7)
node (32473, 32124, 7)
node (32460, 32120, 7)
node (32448, 32122, 7)
node (32447, 32135, 7)
node (32431, 32138, 7)
node (32423, 32145, 7)
node (32414, 32152, 7)
node (32408, 32158, 7)
node (32397, 32162, 7)
node (32386, 32162, 7)
node (32376, 32162, 7)
node (32369, 32162, 7)
node (32369, 32173, 7)
node (32369, 32186, 7)
node (32369, 32198, 7)
node (32369, 32210, 7)
node (32369, 32215, 7)
node (32356, 32215, 7)
node (32342, 32215, 7)
node (32329, 32215, 7)
ladder (32321, 32211, 7)
node (32310, 32210, 6)
stand (32310, 32211, 6)
action travel_carlin
node (32387, 31815, 6)
node (32382, 31815, 6)
stand (32378, 31815, 6)
node (32368, 31810, 7)
node (32368, 31797, 7)
node (32363, 31790, 7)
node (32347, 31790, 7)
node (32337, 31790, 7)
node (32325, 31789, 7)
node (32312, 31790, 7)
node (32300, 31790, 7)
node (32285, 31789, 7)
node (32285, 31782, 7)
node (32287, 31773, 7)
node (32287, 31763, 7)
node (32287, 31754, 7)
node (32287, 31745, 7)
node (32289, 31737, 7)
node (32294, 31730, 7)
node (32300, 31723, 7)
node (32306, 31714, 7)
node (32292, 31707, 7)
node (32289, 31698, 7)
node (32287, 31687, 7)
node (32278, 31680, 7)
node (32266, 31680, 7)
node (32258, 31677, 7)
node (32245, 31675, 7)
node (32239, 31673, 7)
stand (32234, 31675, 7)
label folda_ida
node (32045, 31575, 7)
node (32039, 31573, 7)
node (32032, 31573, 7)
node (32024, 31576, 7)
node (32019, 31576, 7)
node (32014, 31576, 7)
node (32014, 31571, 7)
node (32010, 31568, 7)
node (32005, 31568, 7)
stand (32000, 31566, 7)
node (31996, 31570, 6)
stand (31997, 31571, 6)
node (32003, 31567, 5)
stand (32006, 31567, 5)
node (32012, 31565, 4)
stand (32013, 31563, 4)
stand (32013, 31563, 4)
label use_crowbar
label use_crowbar
label use_crowbar
stand (32014, 31563, 4)
label use_crowbar
label use_crowbar
label use_crowbar
stand (32012, 31563, 4)
label use_crowbar
label use_crowbar
label use_crowbar
node (32010, 31567, 4)
stand (32006, 31567, 4)
node (31999, 31568, 5)
stand (31997, 31571, 5)
node (31998, 31566, 6)
stand (32000, 31566, 6)
node (32007, 31567, 7)
node (32013, 31570, 7)
node (32017, 31576, 7)
node (32025, 31575, 7)
node (32033, 31573, 7)
node (32040, 31573, 7)
node (32046, 31575, 7)
stand (32046, 31580, 7)
label folda_vuelta
node (32241, 31673, 7)
node (32250, 31676, 7)
node (32261, 31679, 7)
node (32274, 31679, 7)
node (32283, 31683, 7)
node (32288, 31689, 7)
node (32290, 31699, 7)
node (32290, 31706, 7)
node (32301, 31711, 7)
node (32309, 31714, 7)
node (32316, 31719, 7)
node (32320, 31724, 7)
node (32325, 31731, 7)
node (32332, 31736, 7)
node (32341, 31741, 7)
node (32353, 31743, 7)
node (32359, 31745, 7)
node (32371, 31747, 7)
node (32381, 31752, 7)
node (32392, 31755, 7)
node (32405, 31752, 7)
node (32416, 31750, 7)
node (32426, 31749, 7)
node (32435, 31749, 7)
node (32449, 31754, 7)
node (32460, 31752, 7)
node (32476, 31752, 7)
node (32487, 31763, 7)
node (32497, 31769, 7)
node (32507, 31779, 7)
node (32510, 31790, 7)
node (32520, 31793, 7)
node (32533, 31797, 7)
node (32531, 31807, 7)
node (32529, 31816, 7)
node (32519, 31825, 7)
node (32511, 31831, 7)
node (32508, 31845, 7)
node (32513, 31853, 7)
node (32523, 31862, 7)
node (32533, 31866, 7)
node (32542, 31868, 7)
node (32549, 31869, 7)
node (32561, 31869, 7)
node (32569, 31869, 7)
node (32582, 31869, 7)
node (32589, 31869, 7)
node (32597, 31874, 7)
node (32600, 31886, 7)
node (32603, 31894, 7)
node (32606, 31903, 7)
node (32609, 31913, 7)
node (32612, 31918, 7)
node (32618, 31927, 7)
node (32621, 31935, 7)
node (32621, 31947, 7)
node (32618, 31952, 7)
node (32612, 31956, 7)
stand (32609, 31963, 7)
node (32617, 31973, 6)
stand (32614, 31976, 6)
node (32609, 31984, 7)
node (32599, 31987, 7)
node (32593, 31995, 7)
node (32587, 32003, 7)
node (32579, 32011, 7)
node (32575, 32019, 7)
stand (32567, 32021, 7)
stand (32568, 32020, 6)
label mission_3
label kevin_mission3
stand (32567, 32021, 6)
node (32576, 32014, 7)
node (32589, 32007, 7)
node (32602, 32007, 7)
node (32614, 32007, 7)
node (32626, 32011, 7)
node (32637, 32014, 7)
node (32648, 32022, 7)
node (32659, 32026, 7)
node (32669, 32027, 7)
node (32679, 32028, 7)
node (32690, 32031, 7)
node (32701, 32035, 7)
node (32712, 32043, 7)
node (32719, 32050, 7)
node (32727, 32058, 7)
node (32735, 32067, 7)
node (32743, 32075, 7)
node (32753, 32080, 7)
node (32763, 32080, 7)
node (32773, 32081, 7)
node (32779, 32084, 7)
stand (32785, 32085, 7)
stand (32791, 32085, 6)
node (32799, 32088, 7)
node (32806, 32092, 7)
node (32810, 32097, 7)
node (32816, 32103, 7)
node (32820, 32110, 7)
node (32831, 32112, 7)
node (32839, 32117, 7)
node (32844, 32123, 7)
node (32852, 32126, 7)
node (32857, 32126, 7)
stand (32862, 32126, 7)
node (32874, 32126, 6)
node (32885, 32126, 6)
node (32898, 32124, 6)
node (32898, 32110, 6)
node (32898, 32098, 6)
node (32898, 32085, 6)
node (32898, 32073, 6)
node (32909, 32073, 6)
stand (32910, 32077, 6)
stand (32908, 32074, 7)
stand (32907, 32072, 8)
stand (32907, 32074, 9)
label strange_fellow_mission3
stand (32907, 32073, 9)
stand (32907, 32072, 9)
stand (32908, 32074, 8)
stand (32910, 32077, 7)
node (32907, 32073, 6)
node (32898, 32073, 6)
node (32898, 32080, 6)
node (32898, 32090, 6)
node (32898, 32099, 6)
node (32898, 32107, 6)
node (32898, 32116, 6)
node (32898, 32124, 6)
node (32887, 32126, 6)
node (32876, 32126, 6)
node (32868, 32126, 6)
stand (32862, 32126, 6)
node (32848, 32125, 7)
node (32841, 32120, 7)
node (32836, 32114, 7)
node (32825, 32111, 7)
node (32817, 32107, 7)
node (32812, 32097, 7)
node (32804, 32091, 7)
node (32797, 32087, 7)
stand (32791, 32085, 7)
stand (32785, 32085, 6)
node (32770, 32082, 7)
node (32760, 32081, 7)
node (32747, 32079, 7)
node (32740, 32071, 7)
node (32729, 32060, 7)
node (32719, 32050, 7)
node (32711, 32042, 7)
node (32700, 32036, 7)
node (32687, 32029, 7)
node (32673, 32027, 7)
node (32661, 32025, 7)
node (32647, 32020, 7)
node (32635, 32017, 7)
node (32624, 32014, 7)
node (32611, 32012, 7)
node (32601, 32009, 7)
node (32591, 32007, 7)
node (32582, 32010, 7)
node (32576, 32017, 7)
node (32569, 32023, 7)
stand (32567, 32021, 7)
stand (32568, 32020, 6)
label mission_4
label kevin_mission4
stand (32567, 32021, 6)
stand (32568, 32021, 7)
stand (32567, 32021, 7)
stand (32568, 32020, 6)
label kevin_mission4_bones
label mission_5
label kevin_mission5
door (32569, 32023, 6)
ladder (32569, 32024, 6)
stand (32567, 32021, 6)
node (32569, 32028, 7)
node (32567, 32037, 7)
node (32566, 32044, 7)
node (32565, 32052, 7)
node (32565, 32060, 7)
node (32562, 32067, 7)
node (32559, 32073, 7)
stand (32554, 32076, 7)
stand (32548, 32076, 6)
node (32540, 32082, 7)
stand (32531, 32087, 7)
stand (32524, 32087, 6)
node (32511, 32092, 7)
node (32506, 32100, 7)
node (32501, 32109, 7)
node (32498, 32118, 7)
node (32488, 32125, 7)
node (32476, 32124, 7)
node (32464, 32122, 7)
node (32454, 32119, 7)
node (32448, 32128, 7)
node (32442, 32138, 7)
node (32430, 32139, 7)
node (32423, 32147, 7)
node (32415, 32151, 7)
node (32409, 32157, 7)
node (32399, 32161, 7)
node (32388, 32161, 7)
node (32373, 32161, 7)
node (32368, 32171, 7)
node (32368, 32183, 7)
node (32368, 32194, 7)
node (32368, 32204, 7)
node (32368, 32215, 7)
node (32353, 32215, 7)
node (32339, 32215, 7)
node (32338, 32221, 7)
node (32338, 32230, 7)
node (32338, 32241, 7)
node (32329, 32248, 7)
node (32317, 32248, 7)
node (32305, 32248, 7)
node (32301, 32257, 7)
node (32291, 32257, 7)
node (32284, 32265, 7)
node (32271, 32273, 7)
node (32270, 32283, 7)
node (32270, 32297, 7)
node (32275, 32304, 7)
node (32274, 32315, 7)
node (32274, 32324, 7)
node (32274, 32333, 7)
node (32274, 32342, 7)
node (32274, 32352, 7)
node (32274, 32361, 7)
node (32276, 32372, 7)
node (32275, 32377, 7)
node (32270, 32379, 7)
stand (32261, 32384, 7)
node (32250, 32377, 8)
stand (32244, 32370, 8)
stand (32236, 32370, 9)
node (32227, 32373, 10)
node (32219, 32370, 10)
ladder (32208, 32370, 10)
node (32201, 32367, 9)
ladder (32198, 32367, 9)
node (32187, 32367, 8)
ladder (32179, 32367, 8)
node (32179, 32381, 7)
node (32174, 32391, 7)
node (32168, 32399, 7)
node (32168, 32411, 7)
node (32168, 32422, 7)
node (32168, 32430, 7)
door (32164, 32431, 7)
node (32161, 32432, 7)
door (32161, 32434, 7)
stand (32163, 32437, 7)
label dermot_mission5
door (32161, 32434, 7)
node (32162, 32431, 7)
door (32164, 32431, 7)
node (32168, 32430, 7)
node (32168, 32422, 7)
node (32168, 32411, 7)
node (32168, 32402, 7)
node (32168, 32394, 7)
node (32175, 32391, 7)
node (32179, 32382, 7)
node (32179, 32373, 7)
stand (32179, 32367, 7)
node (32190, 32367, 8)
stand (32198, 32367, 8)
node (32205, 32370, 9)
stand (32208, 32370, 9)
node (32219, 32371, 10)
node (32230, 32371, 10)
ladder (32236, 32370, 10)
node (32242, 32370, 9)
ladder (32244, 32370, 9)
node (32250, 32378, 8)
node (32257, 32383, 8)
ladder (32261, 32384, 8)
node (32273, 32378, 7)
node (32279, 32369, 7)
node (32274, 32356, 7)
node (32275, 32344, 7)
node (32275, 32333, 7)
node (32275, 32322, 7)
node (32275, 32310, 7)
node (32275, 32299, 7)
node (32275, 32286, 7)
node (32275, 32277, 7)
node (32275, 32268, 7)
node (32284, 32265, 7)
node (32292, 32257, 7)
node (32302, 32251, 7)
node (32313, 32248, 7)
node (32328, 32248, 7)
node (32338, 32244, 7)
node (32338, 32235, 7)
node (32338, 32227, 7)
node (32338, 32215, 7)
node (32351, 32215, 7)
node (32362, 32215, 7)
node (32368, 32209, 7)
node (32368, 32200, 7)
node (32368, 32190, 7)
node (32368, 32181, 7)
node (32368, 32170, 7)
node (32372, 32162, 7)
node (32385, 32162, 7)
node (32397, 32162, 7)
node (32407, 32159, 7)
node (32413, 32152, 7)
node (32422, 32145, 7)
node (32429, 32139, 7)
node (32441, 32137, 7)
node (32448, 32127, 7)
node (32454, 32121, 7)
node (32466, 32123, 7)
node (32479, 32124, 7)
node (32493, 32124, 7)
node (32498, 32116, 7)
node (32501, 32108, 7)
node (32506, 32100, 7)
node (32512, 32092, 7)
node (32518, 32089, 7)
stand (32524, 32087, 7)
stand (32531, 32087, 6)
node (32538, 32083, 7)
node (32544, 32078, 7)
stand (32548, 32076, 7)
stand (32554, 32076, 6)
node (32561, 32067, 7)
node (32564, 32055, 7)
node (32565, 32044, 7)
node (32567, 32037, 7)
node (32570, 32028, 7)
stand (32567, 32021, 7)
stand (32568, 32020, 6)
label kevin_mission6
label mission_6
stand (32567, 32021, 6)
node (32576, 32014, 7)
node (32589, 32007, 7)
node (32602, 32007, 7)
node (32614, 32007, 7)
node (32626, 32011, 7)
node (32637, 32014, 7)
node (32648, 32022, 7)
node (32659, 32026, 7)
node (32669, 32027, 7)
node (32679, 32028, 7)
node (32690, 32031, 7)
node (32701, 32035, 7)
node (32712, 32043, 7)
node (32719, 32050, 7)
node (32727, 32058, 7)
node (32735, 32067, 7)
node (32743, 32075, 7)
node (32753, 32080, 7)
node (32763, 32080, 7)
node (32773, 32081, 7)
node (32779, 32084, 7)
stand (32785, 32085, 7)
stand (32791, 32085, 6)
node (32799, 32088, 7)
node (32806, 32092, 7)
node (32810, 32097, 7)
node (32816, 32103, 7)
node (32820, 32110, 7)
node (32831, 32112, 7)
node (32839, 32117, 7)
node (32844, 32123, 7)
node (32852, 32126, 7)
node (32857, 32126, 7)
stand (32862, 32126, 7)
node (32874, 32126, 6)
node (32885, 32126, 6)
node (32898, 32124, 6)
node (32898, 32110, 6)
node (32898, 32098, 6)
node (32898, 32085, 6)
node (32898, 32073, 6)
node (32909, 32073, 6)
node (32916, 32071, 6)
node (32931, 32071, 6)
node (32936, 32079, 6)
node (32936, 32090, 6)
node (32945, 32095, 6)
node (32949, 32106, 6)
stand (32956, 32108, 6)
stand (32956, 32106, 6)
stand (32951, 32104, 5)
label hugo_mission6
stand (32956, 32106, 5)
node (32949, 32106, 6)
node (32948, 32096, 6)
node (32936, 32096, 6)
node (32936, 32086, 6)
node (32936, 32072, 6)
node (32927, 32072, 6)
node (32913, 32072, 6)
node (32898, 32073, 6)
node (32898, 32080, 6)
node (32898, 32090, 6)
node (32898, 32099, 6)
node (32898, 32107, 6)
node (32898, 32116, 6)
node (32898, 32124, 6)
node (32887, 32126, 6)
node (32876, 32126, 6)
node (32868, 32126, 6)
stand (32862, 32126, 6)
node (32848, 32125, 7)
node (32841, 32120, 7)
node (32836, 32114, 7)
node (32825, 32111, 7)
node (32817, 32107, 7)
node (32812, 32097, 7)
node (32804, 32091, 7)
node (32797, 32087, 7)
stand (32791, 32085, 7)
stand (32785, 32085, 6)
node (32770, 32082, 7)
node (32760, 32081, 7)
node (32747, 32079, 7)
node (32740, 32071, 7)
node (32729, 32060, 7)
node (32719, 32050, 7)
node (32711, 32042, 7)
node (32700, 32036, 7)
node (32687, 32029, 7)
node (32673, 32027, 7)
node (32661, 32025, 7)
node (32647, 32020, 7)
node (32635, 32017, 7)
node (32624, 32014, 7)
node (32611, 32012, 7)
node (32601, 32009, 7)
node (32591, 32007, 7)
node (32582, 32010, 7)
node (32576, 32017, 7)
node (32569, 32023, 7)
stand (32567, 32021, 7)
stand (32568, 32020, 6)
label kevin_mission6_dress
stand (32567, 32021, 6)
node (32576, 32016, 7)
node (32581, 32008, 7)
node (32588, 32000, 7)
node (32593, 31994, 7)
node (32600, 31986, 7)
node (32609, 31983, 7)
stand (32614, 31976, 7)
node (32615, 31962, 6)
stand (32609, 31963, 6)
node (32613, 31955, 7)
node (32618, 31951, 7)
stand (32619, 31944, 7)
ladder (32618, 31944, 7)
node (32617, 31901, 9)
node (32610, 31909, 9)
node (32610, 31918, 9)
stand (32605, 31920, 9)
node (32596, 31927, 10)
node (32596, 31938, 10)
node (32596, 31946, 10)
node (32590, 31951, 10)
node (32584, 31951, 10)
node (32573, 31951, 10)
node (32567, 31951, 10)
stand (32563, 31950, 10)
stand (32564, 31950, 11)
node (32564, 31942, 12)
node (32564, 31935, 12)
node (32564, 31928, 12)
node (32564, 31921, 12)
node (32564, 31914, 12)
node (32564, 31907, 12)
stand (32564, 31895, 12)
label talphion_mission6
node (32564, 31901, 12)
node (32564, 31910, 12)
node (32564, 31919, 12)
node (32564, 31926, 12)
node (32564, 31933, 12)
node (32564, 31939, 12)
node (32564, 31945, 12)
stand (32564, 31950, 12)
stand (32563, 31950, 11)
node (32573, 31950, 10)
node (32583, 31950, 10)
node (32593, 31950, 10)
node (32596, 31942, 10)
node (32596, 31934, 10)
node (32601, 31925, 10)
stand (32605, 31920, 10)
node (32610, 31914, 9)
node (32610, 31905, 9)
node (32617, 31901, 9)
stand (32620, 31899, 9)
ladder (32619, 31899, 9)
node (32618, 31949, 7)
node (32615, 31953, 7)
node (32608, 31959, 7)
stand (32609, 31963, 7)
node (32616, 31975, 6)
stand (32614, 31976, 6)
node (32606, 31984, 7)
node (32596, 31991, 7)
node (32589, 31999, 7)
node (32582, 32007, 7)
node (32575, 32017, 7)
stand (32567, 32021, 7)
stand (32568, 32020, 6)
label kevin_mission6_patterns
stand (32567, 32021, 6)
node (32578, 32014, 7)
node (32585, 32004, 7)
node (32591, 31997, 7)
node (32600, 31989, 7)
node (32610, 31984, 7)
node (32613, 31978, 7)
stand (32614, 31976, 7)
node (32612, 31962, 6)
stand (32609, 31963, 6)
node (32614, 31954, 7)
node (32620, 31949, 7)
node (32622, 31940, 7)
node (32620, 31931, 7)
node (32617, 31920, 7)
node (32609, 31912, 7)
node (32605, 31902, 7)
node (32602, 31893, 7)
node (32599, 31885, 7)
node (32596, 31875, 7)
node (32586, 31870, 7)
node (32574, 31870, 7)
node (32561, 31870, 7)
node (32547, 31870, 7)
node (32534, 31869, 7)
node (32523, 31862, 7)
node (32513, 31854, 7)
node (32507, 31844, 7)
node (32510, 31833, 7)
node (32516, 31825, 7)
node (32527, 31818, 7)
node (32530, 31809, 7)
node (32532, 31796, 7)
node (32521, 31792, 7)
node (32509, 31787, 7)
node (32505, 31776, 7)
node (32497, 31768, 7)
node (32486, 31763, 7)
node (32477, 31754, 7)
node (32466, 31750, 7)
node (32456, 31753, 7)
node (32445, 31751, 7)
node (32430, 31749, 7)
node (32417, 31749, 7)
node (32406, 31752, 7)
node (32391, 31754, 7)
node (32377, 31750, 7)
node (32367, 31747, 7)
node (32356, 31743, 7)
node (32346, 31743, 7)
node (32340, 31753, 7)
node (32329, 31758, 7)
stand (32324, 31754, 7)
door (32323, 31754, 7)
node (32317, 31754, 7)
stand (32314, 31754, 7)
label queen_eloise_mission6
node (32319, 31754, 7)
stand (32322, 31754, 7)
door (32323, 31754, 7)
node (32333, 31754, 7)
node (32340, 31754, 7)
node (32346, 31742, 7)
node (32358, 31744, 7)
node (32367, 31747, 7)
node (32375, 31749, 7)
node (32386, 31754, 7)
node (32396, 31755, 7)
node (32406, 31751, 7)
node (32417, 31749, 7)
node (32430, 31750, 7)
node (32444, 31750, 7)
node (32457, 31754, 7)
node (32468, 31757, 7)
node (32477, 31763, 7)
node (32489, 31765, 7)
node (32500, 31768, 7)
node (32506, 31777, 7)
node (32511, 31789, 7)
node (32521, 31793, 7)
node (32532, 31799, 7)
node (32530, 31808, 7)
node (32526, 31819, 7)
node (32518, 31825, 7)
node (32509, 31832, 7)
node (32509, 31843, 7)
node (32515, 31849, 7)
node (32521, 31858, 7)
node (32529, 31862, 7)
node (32538, 31868, 7)
node (32550, 31869, 7)
node (32562, 31870, 7)
node (32572, 31870, 7)
node (32584, 31870, 7)
node (32593, 31874, 7)
node (32600, 31883, 7)
node (32602, 31893, 7)
node (32606, 31903, 7)
node (32609, 31913, 7)
node (32616, 31920, 7)
node (32619, 31929, 7)
node (32622, 31938, 7)
node (32622, 31947, 7)
node (32618, 31952, 7)
node (32611, 31957, 7)
stand (32609, 31963, 7)
node (32616, 31975, 6)
stand (32614, 31976, 6)
node (32610, 31984, 7)
node (32599, 31988, 7)
node (32590, 31998, 7)
node (32583, 32006, 7)
node (32578, 32012, 7)
node (32573, 32021, 7)
stand (32567, 32021, 7)
stand (32568, 32020, 6)
label kevin_mission6_patterns2
stand (32567, 32021, 6)
node (32568, 32032, 7)
node (32566, 32045, 7)
node (32564, 32059, 7)
node (32559, 32071, 7)
stand (32554, 32076, 7)
stand (32548, 32076, 6)
node (32539, 32082, 7)
node (32535, 32085, 7)
stand (32531, 32087, 7)
stand (32524, 32087, 6)
node (32508, 32094, 7)
node (32502, 32104, 7)
node (32498, 32117, 7)
node (32490, 32125, 7)
node (32476, 32125, 7)
node (32461, 32125, 7)
node (32448, 32130, 7)
node (32442, 32137, 7)
node (32431, 32138, 7)
node (32425, 32144, 7)
node (32415, 32151, 7)
node (32408, 32158, 7)
node (32397, 32161, 7)
node (32387, 32161, 7)
node (32376, 32161, 7)
node (32368, 32169, 7)
node (32368, 32180, 7)
node (32358, 32189, 7)
node (32348, 32189, 7)
node (32336, 32189, 7)
node (32324, 32189, 7)
node (32315, 32188, 7)
stand (32314, 32181, 7)
door (32314, 32180, 7)
stand (32312, 32177, 7)
stand (32316, 32178, 6)
label noodles_banana
label noodles_fur
label noodles_cheese
stand (32311, 32177, 6)
stand (32314, 32179, 7)
door (32314, 32180, 7)
node (32317, 32189, 7)
node (32328, 32190, 7)
node (32338, 32189, 7)
node (32352, 32189, 7)
node (32361, 32189, 7)
node (32368, 32189, 7)
node (32368, 32176, 7)
node (32369, 32165, 7)
node (32378, 32162, 7)
node (32388, 32162, 7)
node (32401, 32161, 7)
node (32410, 32155, 7)
node (32420, 32147, 7)
node (32429, 32141, 7)
node (32438, 32138, 7)
node (32448, 32131, 7)
node (32449, 32122, 7)
node (32461, 32122, 7)
node (32474, 32123, 7)
node (32489, 32125, 7)
node (32498, 32117, 7)
node (32502, 32106, 7)
node (32508, 32097, 7)
node (32515, 32089, 7)
stand (32524, 32088, 7)
stand (32531, 32088, 6)
node (32539, 32082, 7)
stand (32548, 32077, 7)
stand (32554, 32077, 6)
node (32561, 32069, 7)
node (32564, 32057, 7)
node (32566, 32047, 7)
node (32567, 32037, 7)
node (32569, 32029, 7)
stand (32567, 32021, 7)
stand (32568, 32020, 6)
label kevin_mission6_pattern3
stand (32567, 32021, 6)
node (32576, 32014, 7)
node (32589, 32007, 7)
node (32602, 32007, 7)
node (32614, 32007, 7)
node (32626, 32011, 7)
node (32637, 32014, 7)
node (32648, 32022, 7)
node (32659, 32026, 7)
node (32669, 32027, 7)
node (32679, 32028, 7)
node (32690, 32031, 7)
node (32701, 32035, 7)
node (32712, 32043, 7)
node (32719, 32050, 7)
node (32727, 32058, 7)
node (32735, 32067, 7)
node (32743, 32075, 7)
node (32753, 32080, 7)
node (32763, 32080, 7)
node (32773, 32081, 7)
node (32779, 32084, 7)
stand (32785, 32085, 7)
stand (32791, 32085, 6)
node (32799, 32088, 7)
node (32806, 32092, 7)
node (32810, 32097, 7)
node (32816, 32103, 7)
node (32820, 32110, 7)
node (32831, 32112, 7)
node (32839, 32117, 7)
node (32844, 32123, 7)
node (32852, 32126, 7)
node (32857, 32126, 7)
stand (32862, 32126, 7)
node (32874, 32126, 6)
node (32885, 32126, 6)
node (32898, 32124, 6)
node (32898, 32110, 6)
node (32898, 32098, 6)
node (32898, 32085, 6)
node (32898, 32073, 6)
node (32909, 32073, 6)
node (32916, 32071, 6)
node (32931, 32071, 6)
node (32936, 32079, 6)
node (32936, 32090, 6)
node (32945, 32095, 6)
node (32949, 32106, 6)
stand (32956, 32108, 6)
stand (32956, 32106, 6)
stand (32951, 32104, 5)
label hugo_dress_mission6
stand (32956, 32106, 5)
node (32949, 32106, 6)
node (32948, 32096, 6)
node (32936, 32096, 6)
node (32936, 32086, 6)
node (32936, 32072, 6)
node (32927, 32072, 6)
node (32913, 32072, 6)
node (32898, 32073, 6)
node (32898, 32080, 6)
node (32898, 32090, 6)
node (32898, 32099, 6)
node (32898, 32107, 6)
node (32898, 32116, 6)
node (32898, 32124, 6)
node (32887, 32126, 6)
node (32876, 32126, 6)
node (32868, 32126, 6)
stand (32862, 32126, 6)
node (32848, 32125, 7)
node (32841, 32120, 7)
node (32836, 32114, 7)
node (32825, 32111, 7)
node (32817, 32107, 7)
node (32812, 32097, 7)
node (32804, 32091, 7)
node (32797, 32087, 7)
stand (32791, 32085, 7)
stand (32785, 32085, 6)
node (32770, 32082, 7)
node (32760, 32081, 7)
node (32747, 32079, 7)
node (32740, 32071, 7)
node (32729, 32060, 7)
node (32719, 32050, 7)
node (32711, 32042, 7)
node (32700, 32036, 7)
node (32687, 32029, 7)
node (32673, 32027, 7)
node (32661, 32025, 7)
node (32647, 32020, 7)
node (32635, 32017, 7)
node (32624, 32014, 7)
node (32611, 32012, 7)
node (32601, 32009, 7)
node (32591, 32007, 7)
node (32582, 32010, 7)
node (32576, 32017, 7)
node (32569, 32023, 7)
stand (32567, 32021, 7)
stand (32568, 32020, 6)
label mission_7
label kevin_mission7
label kevin_mission7_mission
label kevin_mission7_mission2
label kevin_mission7_mission3
label kevin_mission7_mission
stand (32567, 32021, 6)
node (32568, 32032, 7)
node (32566, 32042, 7)
node (32565, 32054, 7)
node (32562, 32065, 7)
node (32557, 32074, 7)
stand (32554, 32076, 7)
stand (32548, 32076, 6)
node (32538, 32083, 7)
stand (32531, 32087, 7)
stand (32524, 32087, 6)
node (32514, 32091, 7)
node (32506, 32099, 7)
node (32502, 32108, 7)
node (32498, 32117, 7)
node (32491, 32125, 7)
node (32481, 32125, 7)
node (32472, 32125, 7)
node (32463, 32125, 7)
node (32454, 32124, 7)
node (32447, 32133, 7)
node (32436, 32138, 7)
node (32426, 32142, 7)
node (32418, 32149, 7)
node (32411, 32156, 7)
node (32405, 32160, 7)
node (32395, 32161, 7)
node (32385, 32161, 7)
node (32372, 32162, 7)
node (32369, 32173, 7)
node (32369, 32185, 7)
node (32369, 32194, 7)
node (32369, 32204, 7)
node (32369, 32214, 7)
node (32356, 32215, 7)
stand (32347, 32219, 7)
label benjamin_thais
node (32347, 32219, 7)
node (32343, 32215, 7)
node (32334, 32216, 7)
node (32327, 32218, 7)
ladder (32321, 32220, 7)
stand (32310, 32209, 6)
action travel_abdendriel
node (32731, 31668, 6)
stand (32722, 31669, 6)
node (32712, 31669, 7)
node (32704, 31665, 7)
node (32695, 31663, 7)
node (32688, 31668, 7)
node (32688, 31676, 7)
node (32682, 31680, 7)
node (32670, 31682, 7)
node (32665, 31690, 7)
node (32663, 31699, 7)
stand (32673, 31700, 7)
label olrik_abdendriel
node (32667, 31700, 7)
node (32657, 31700, 7)
node (32646, 31704, 7)
node (32640, 31716, 7)
node (32640, 31729, 7)
node (32640, 31740, 7)
node (32638, 31751, 7)
node (32632, 31758, 7)
node (32620, 31758, 7)
node (32607, 31756, 7)
node (32597, 31754, 7)
node (32587, 31751, 7)
node (32578, 31750, 7)
node (32569, 31748, 7)
node (32559, 31749, 7)
node (32549, 31752, 7)
node (32539, 31750, 7)
node (32529, 31751, 7)
node (32519, 31754, 7)
node (32510, 31759, 7)
node (32501, 31762, 7)
node (32490, 31762, 7)
node (32481, 31758, 7)
node (32472, 31751, 7)
node (32461, 31751, 7)
node (32449, 31753, 7)
node (32435, 31749, 7)
node (32423, 31749, 7)
node (32409, 31751, 7)
node (32401, 31760, 7)
node (32401, 31770, 7)
node (32401, 31781, 7)
node (32390, 31786, 7)
node (32380, 31788, 7)
node (32370, 31790, 7)
node (32357, 31790, 7)
node (32347, 31790, 7)
node (32339, 31790, 7)
stand (32335, 31786, 7)
label liane_carlin
node (32340, 31789, 7)
node (32352, 31789, 7)
node (32360, 31789, 7)
node (32367, 31789, 7)
node (32368, 31797, 7)
node (32368, 31804, 7)
node (32369, 31813, 7)
ladder (32378, 31815, 7)
stand (32388, 31821, 6)
action travel_edron
node (33176, 31771, 6)
stand (33175, 31775, 6)
node (33184, 31778, 7)
node (33191, 31783, 7)
node (33195, 31790, 7)
node (33202, 31793, 7)
node (33202, 31800, 7)
node (33202, 31806, 7)
node (33202, 31812, 7)
node (33201, 31818, 7)
node (33194, 31818, 7)
node (33187, 31818, 7)
node (33180, 31819, 7)
node (33173, 31817, 7)
stand (33172, 31812, 7)
label chrystal_edron
node (33173, 31818, 7)
node (33182, 31818, 7)
node (33191, 31818, 7)
node (33200, 31818, 7)
node (33201, 31812, 7)
node (33201, 31806, 7)
node (33201, 31800, 7)
node (33201, 31794, 7)
node (33197, 31790, 7)
node (33191, 31787, 7)
node (33191, 31781, 7)
node (33186, 31778, 7)
node (33179, 31776, 7)
ladder (33175, 31775, 7)
stand (33175, 31764, 6)
action travel_venore
node (32955, 32030, 6)
node (32954, 32039, 6)
node (32954, 32048, 6)
node (32953, 32057, 6)
node (32953, 32067, 6)
node (32946, 32070, 6)
node (32935, 32070, 6)
stand (32935, 32075, 6)
node (32927, 32075, 7)
stand (32921, 32075, 7)
label dove_venore
stand (32919, 32071, 7)
node (32910, 32072, 6)
node (32899, 32073, 6)
node (32897, 32082, 6)
node (32897, 32093, 6)
node (32897, 32104, 6)
node (32897, 32114, 6)
node (32897, 32122, 6)
node (32889, 32125, 6)
node (32879, 32125, 6)
node (32869, 32125, 6)
stand (32862, 32126, 6)
node (32851, 32126, 7)
node (32843, 32123, 7)
node (32838, 32117, 7)
node (32831, 32111, 7)
node (32823, 32110, 7)
node (32816, 32107, 7)
node (32812, 32098, 7)
node (32806, 32093, 7)
node (32798, 32088, 7)
stand (32791, 32085, 7)
stand (32785, 32085, 6)
node (32772, 32083, 7)
node (32759, 32081, 7)
node (32746, 32079, 7)
node (32740, 32071, 7)
node (32732, 32063, 7)
node (32724, 32056, 7)
node (32718, 32049, 7)
node (32712, 32042, 7)
node (32702, 32037, 7)
node (32693, 32032, 7)
node (32683, 32028, 7)
node (32671, 32026, 7)
node (32661, 32025, 7)
node (32651, 32021, 7)
node (32640, 32016, 7)
node (32634, 32009, 7)
node (32629, 31999, 7)
node (32624, 31993, 7)
node (32618, 31987, 7)
node (32613, 31982, 7)
stand (32614, 31976, 7)
node (32612, 31963, 6)
stand (32609, 31963, 6)
node (32616, 31954, 7)
node (32620, 31948, 7)
stand (32619, 31944, 7)
ladder (32618, 31944, 7)
node (32622, 31901, 9)
node (32629, 31901, 9)
node (32638, 31902, 9)
node (32647, 31902, 9)
node (32648, 31908, 9)
stand (32645, 31908, 9)
stand (32648, 31907, 8)
label lokur_kazordoon
stand (32645, 31908, 8)
node (32648, 31904, 9)
node (32655, 31900, 9)
node (32655, 31896, 9)
node (32654, 31891, 9)
stand (32653, 31887, 9)
label kroox_kazordoon
node (32654, 31891, 9)
node (32655, 31896, 9)
node (32653, 31901, 9)
node (32646, 31901, 9)
node (32641, 31901, 9)
node (32635, 31901, 9)
node (32630, 31901, 9)
node (32624, 31901, 9)
node (32620, 31901, 9)
stand (32620, 31899, 9)
ladder (32619, 31899, 9)
node (32620, 31949, 7)
node (32616, 31954, 7)
node (32611, 31958, 7)
stand (32609, 31963, 7)
node (32616, 31975, 6)
stand (32614, 31976, 6)
node (32607, 31985, 7)
node (32598, 31988, 7)
node (32591, 31996, 7)
node (32587, 32003, 7)
node (32581, 32009, 7)
node (32576, 32016, 7)
node (32572, 32021, 7)
stand (32567, 32021, 7)
stand (32568, 32020, 6)
label kevin_mission8
label mission_8
stand (32567, 32021, 6)
node (32568, 32030, 7)
node (32566, 32039, 7)
node (32566, 32047, 7)
node (32565, 32054, 7)
node (32564, 32061, 7)
node (32562, 32067, 7)
node (32558, 32074, 7)
stand (32554, 32076, 7)
stand (32548, 32076, 6)
node (32542, 32080, 7)
node (32535, 32085, 7)
stand (32531, 32087, 7)
stand (32524, 32087, 6)
node (32515, 32090, 7)
node (32507, 32097, 7)
node (32501, 32106, 7)
node (32499, 32113, 7)
node (32496, 32119, 7)
node (32491, 32125, 7)
node (32481, 32125, 7)
node (32468, 32124, 7)
node (32455, 32124, 7)
node (32448, 32130, 7)
node (32448, 32139, 7)
node (32448, 32146, 7)
node (32448, 32154, 7)
node (32448, 32162, 7)
node (32448, 32170, 7)
node (32448, 32177, 7)
node (32448, 32185, 7)
node (32448, 32193, 7)
node (32448, 32200, 7)
node (32452, 32207, 7)
node (32459, 32216, 7)
node (32459, 32223, 7)
node (32464, 32233, 7)
node (32469, 32238, 7)
node (32476, 32243, 7)
node (32484, 32248, 7)
node (32485, 32257, 7)
shovel (32493, 32259, 7)
stand (32498, 32260, 8)
node (32499, 32253, 9)
node (32505, 32252, 9)
node (32515, 32252, 9)
ladder (32519, 32248, 9)
stand (32516, 32248, 8)
door (32515, 32248, 8)
ladder (32514, 32248, 8)
stand (32519, 32248, 8)
node (32514, 32252, 9)
node (32506, 32252, 9)
node (32499, 32252, 9)
node (32498, 32257, 9)
ladder (32498, 32260, 9)
ladder (32493, 32259, 8)
node (32489, 32255, 7)
node (32481, 32247, 7)
node (32476, 32239, 7)
node (32471, 32230, 7)
node (32461, 32218, 7)
node (32457, 32208, 7)
node (32451, 32200, 7)
node (32448, 32192, 7)
node (32447, 32185, 7)
node (32446, 32176, 7)
node (32448, 32168, 7)
node (32449, 32159, 7)
node (32448, 32147, 7)
node (32448, 32137, 7)
node (32450, 32130, 7)
node (32454, 32122, 7)
node (32463, 32122, 7)
node (32474, 32123, 7)
node (32485, 32124, 7)
node (32495, 32121, 7)
node (32500, 32113, 7)
node (32503, 32104, 7)
node (32507, 32097, 7)
node (32515, 32091, 7)
stand (32524, 32088, 7)
stand (32531, 32088, 6)
node (32541, 32081, 7)
stand (32548, 32077, 7)
stand (32554, 32077, 6)
node (32561, 32067, 7)
node (32564, 32057, 7)
node (32566, 32044, 7)
node (32567, 32035, 7)
node (32572, 32023, 7)
stand (32567, 32021, 7)
stand (32568, 32020, 6)
label kevin_mission8_2
label mission_9
label kevin_mission9
label kevin_mission9_2
stand (32567, 32022, 6)
door (32567, 32023, 6)
ladder (32567, 32024, 6)
stand (32567, 32021, 6)
node (32574, 32018, 7)
node (32579, 32011, 7)
node (32586, 32003, 7)
node (32591, 31997, 7)
node (32597, 31989, 7)
node (32605, 31986, 7)
node (32612, 31982, 7)
stand (32614, 31976, 7)
node (32613, 31962, 6)
stand (32609, 31963, 6)
node (32615, 31954, 7)
node (32620, 31948, 7)
node (32622, 31941, 7)
node (32620, 31932, 7)
node (32617, 31923, 7)
node (32609, 31915, 7)
node (32606, 31906, 7)
node (32604, 31897, 7)
node (32599, 31887, 7)
node (32597, 31874, 7)
node (32582, 31870, 7)
node (32569, 31870, 7)
node (32556, 31869, 7)
node (32543, 31869, 7)
node (32533, 31868, 7)
node (32524, 31862, 7)
node (32516, 31857, 7)
node (32512, 31851, 7)
node (32508, 31843, 7)
node (32509, 31835, 7)
node (32513, 31829, 7)
node (32520, 31824, 7)
node (32526, 31818, 7)
node (32531, 31811, 7)
node (32531, 31802, 7)
node (32529, 31793, 7)
node (32521, 31792, 7)
node (32511, 31789, 7)
node (32507, 31782, 7)
node (32504, 31775, 7)
node (32498, 31768, 7)
node (32491, 31764, 7)
node (32482, 31759, 7)
node (32476, 31752, 7)
node (32467, 31750, 7)
node (32457, 31753, 7)
node (32448, 31753, 7)
node (32441, 31749, 7)
node (32433, 31749, 7)
node (32422, 31749, 7)
node (32410, 31750, 7)
node (32401, 31754, 7)
node (32389, 31754, 7)
node (32380, 31752, 7)
node (32373, 31747, 7)
node (32364, 31745, 7)
node (32354, 31742, 7)
node (32342, 31742, 7)
node (32332, 31736, 7)
node (32324, 31729, 7)
node (32319, 31720, 7)
node (32309, 31713, 7)
node (32298, 31709, 7)
node (32290, 31706, 7)
node (32283, 31701, 7)
node (32281, 31690, 7)
node (32276, 31683, 7)
node (32267, 31680, 7)
node (32255, 31677, 7)
node (32245, 31675, 7)
stand (32234, 31675, 7)
label nielson_mission9
node (32017, 31692, 7)
node (32012, 31694, 7)
node (32004, 31695, 7)
node (31995, 31697, 7)
node (31988, 31700, 7)
node (31982, 31703, 7)
node (31978, 31706, 7)
node (31973, 31709, 7)
node (31968, 31712, 7)
node (31962, 31712, 7)
stand (31956, 31711, 7)
node (31952, 31711, 6)
stand (31948, 31712, 6)
stand (31948, 31712, 6)
label use_letterbag
label use_letterbag
label use_letterbag
node (31952, 31711, 6)
stand (31956, 31711, 6)
node (31965, 31712, 7)
node (31971, 31709, 7)
node (31976, 31707, 7)
node (31980, 31704, 7)
node (31984, 31702, 7)
node (31990, 31698, 7)
node (31996, 31695, 7)
node (32002, 31694, 7)
node (32007, 31693, 7)
node (32013, 31692, 7)
node (32017, 31692, 7)
stand (32022, 31692, 7)
label carlson_mission9_vuelta
node (32241, 31673, 7)
node (32250, 31676, 7)
node (32261, 31679, 7)
node (32274, 31679, 7)
node (32283, 31683, 7)
node (32288, 31689, 7)
node (32290, 31699, 7)
node (32290, 31706, 7)
node (32301, 31711, 7)
node (32309, 31714, 7)
node (32316, 31719, 7)
node (32320, 31724, 7)
node (32325, 31731, 7)
node (32332, 31736, 7)
node (32341, 31741, 7)
node (32353, 31743, 7)
node (32359, 31745, 7)
node (32371, 31747, 7)
node (32381, 31752, 7)
node (32392, 31755, 7)
node (32405, 31752, 7)
node (32416, 31750, 7)
node (32426, 31749, 7)
node (32435, 31749, 7)
node (32449, 31754, 7)
node (32460, 31752, 7)
node (32476, 31752, 7)
node (32487, 31763, 7)
node (32497, 31769, 7)
node (32507, 31779, 7)
node (32510, 31790, 7)
node (32520, 31793, 7)
node (32533, 31797, 7)
node (32531, 31807, 7)
node (32529, 31816, 7)
node (32519, 31825, 7)
node (32511, 31831, 7)
node (32508, 31845, 7)
node (32513, 31853, 7)
node (32523, 31862, 7)
node (32533, 31866, 7)
node (32542, 31868, 7)
node (32549, 31869, 7)
node (32561, 31869, 7)
node (32569, 31869, 7)
node (32582, 31869, 7)
node (32589, 31869, 7)
node (32597, 31874, 7)
node (32600, 31886, 7)
node (32603, 31894, 7)
node (32606, 31903, 7)
node (32609, 31913, 7)
node (32612, 31918, 7)
node (32618, 31927, 7)
node (32621, 31935, 7)
node (32621, 31947, 7)
node (32618, 31952, 7)
node (32612, 31956, 7)
stand (32609, 31963, 7)
node (32617, 31973, 6)
stand (32614, 31976, 6)
node (32609, 31984, 7)
node (32599, 31987, 7)
node (32593, 31995, 7)
node (32587, 32003, 7)
node (32579, 32011, 7)
node (32575, 32019, 7)
stand (32567, 32021, 7)
stand (32568, 32020, 6)
label mission_10
label kevin_mission10
stand (32567, 32021, 6)
node (32570, 32028, 7)
node (32567, 32036, 7)
node (32566, 32045, 7)
node (32565, 32053, 7)
node (32564, 32061, 7)
node (32561, 32068, 7)
node (32557, 32074, 7)
stand (32554, 32076, 7)
stand (32548, 32076, 6)
node (32541, 32081, 7)
node (32536, 32086, 7)
stand (32531, 32087, 7)
stand (32524, 32087, 6)
node (32514, 32091, 7)
node (32507, 32098, 7)
node (32503, 32105, 7)
node (32498, 32111, 7)
node (32497, 32117, 7)
node (32493, 32124, 7)
node (32484, 32125, 7)
node (32476, 32124, 7)
node (32467, 32123, 7)
node (32458, 32120, 7)
node (32449, 32122, 7)
node (32447, 32132, 7)
node (32440, 32138, 7)
node (32431, 32139, 7)
node (32423, 32144, 7)
node (32416, 32150, 7)
node (32410, 32156, 7)
node (32401, 32161, 7)
node (32392, 32161, 7)
node (32380, 32161, 7)
node (32369, 32165, 7)
node (32363, 32172, 7)
door (32358, 32172, 7)
stand (32356, 32170, 7)
stand (32356, 32173, 8)
node (32356, 32166, 9)
node (32362, 32159, 9)
node (32363, 32150, 9)
node (32355, 32143, 9)
door (32355, 32142, 9)
stand (32354, 32138, 9)
stand (32355, 32138, 10)
node (32361, 32153, 11)
node (32370, 32154, 11)
node (32378, 32153, 11)
node (32389, 32157, 11)
node (32390, 32164, 11)
node (32390, 32172, 11)
node (32390, 32181, 11)
node (32390, 32192, 11)
node (32394, 32201, 11)
node (32398, 32209, 11)
node (32406, 32215, 11)
node (32416, 32215, 11)
node (32426, 32215, 11)
node (32437, 32215, 11)
node (32448, 32215, 11)
node (32459, 32215, 11)
node (32470, 32215, 11)
node (32483, 32213, 11)
node (32495, 32214, 11)
stand (32502, 32217, 11)
stand (32493, 32215, 12)
node (32502, 32217, 13)
node (32509, 32218, 13)
node (32516, 32213, 13)
node (32507, 32210, 13)
node (32507, 32201, 13)
node (32518, 32201, 13)
node (32526, 32200, 13)
node (32537, 32200, 13)
node (32549, 32198, 13)
node (32555, 32193, 13)
node (32559, 32183, 13)
node (32574, 32180, 13)
stand (32577, 32179, 13)
node (32581, 32176, 14)
node (32581, 32167, 14)
node (32575, 32162, 14)
node (32576, 32152, 14)
node (32578, 32145, 14)
node (32578, 32137, 14)
node (32570, 32128, 14)
node (32572, 32120, 14)
node (32570, 32107, 14)
node (32569, 32100, 14)
node (32568, 32091, 14)
node (32568, 32084, 14)
node (32567, 32077, 14)
node (32562, 32074, 14)
node (32551, 32075, 14)
node (32549, 32083, 14)
node (32555, 32088, 14)
node (32561, 32095, 14)
node (32562, 32105, 14)
node (32563, 32114, 14)
node (32563, 32122, 14)
node (32563, 32131, 14)
node (32562, 32141, 14)
node (32559, 32147, 14)
node (32554, 32151, 14)
ladder (32552, 32154, 14)
ladder (32553, 32154, 13)
node (32551, 32162, 12)
node (32551, 32170, 12)
node (32551, 32180, 12)
stand (32550, 32186, 12)
stand (32551, 32185, 13)
node (32550, 32194, 14)
node (32550, 32206, 14)
node (32544, 32212, 14)
node (32536, 32206, 14)
node (32527, 32202, 14)
node (32517, 32197, 14)
node (32515, 32187, 14)
node (32514, 32176, 14)
node (32514, 32166, 14)
node (32504, 32160, 14)
node (32496, 32152, 14)
node (32495, 32140, 14)
node (32495, 32132, 14)
node (32496, 32122, 14)
node (32493, 32111, 14)
node (32496, 32103, 14)
node (32493, 32090, 14)
node (32485, 32097, 14)
stand (32484, 32101, 14)
node (32474, 32101, 15)
node (32462, 32101, 15)
node (32443, 32101, 15)
node (32432, 32101, 15)
node (32420, 32102, 15)
node (32420, 32111, 15)
node (32420, 32120, 15)
node (32418, 32129, 15)
node (32428, 32135, 15)
node (32419, 32141, 15)
stand (32416, 32150, 15)
label markwin_mission10
label markwin_mission10_2
node (32417, 32144, 15)
node (32429, 32138, 15)
node (32417, 32130, 15)
node (32420, 32118, 15)
node (32420, 32109, 15)
node (32424, 32101, 15)
node (32432, 32101, 15)
node (32440, 32101, 15)
node (32449, 32101, 15)
node (32459, 32101, 15)
node (32467, 32101, 15)
node (32477, 32101, 15)
ladder (32484, 32101, 15)
node (32485, 32092, 14)
node (32496, 32094, 14)
node (32493, 32109, 14)
node (32496, 32120, 14)
node (32496, 32129, 14)
node (32495, 32141, 14)
node (32498, 32155, 14)
node (32505, 32160, 14)
node (32514, 32160, 14)
node (32514, 32150, 14)
stand (32511, 32147, 14)
node (32520, 32147, 15)
rope (32525, 32145, 15)
node (32525, 32155, 14)
node (32525, 32165, 14)
node (32532, 32173, 14)
node (32537, 32165, 14)
node (32546, 32165, 14)
node (32553, 32165, 14)
node (32563, 32165, 14)
node (32573, 32165, 14)
node (32582, 32171, 14)
node (32582, 32178, 14)
rope (32577, 32179, 14)
node (32568, 32180, 13)
node (32561, 32182, 13)
node (32557, 32191, 13)
node (32553, 32195, 13)
node (32547, 32199, 13)
node (32537, 32200, 13)
node (32528, 32200, 13)
node (32515, 32201, 13)
node (32505, 32201, 13)
node (32506, 32210, 13)
node (32516, 32213, 13)
node (32515, 32218, 13)
node (32506, 32217, 13)
node (32498, 32216, 13)
ladder (32493, 32215, 13)
ladder (32502, 32217, 12)
node (32489, 32213, 11)
node (32472, 32216, 11)
node (32452, 32215, 11)
node (32440, 32216, 11)
node (32423, 32215, 11)
node (32407, 32215, 11)
node (32398, 32206, 11)
node (32390, 32195, 11)
node (32390, 32183, 11)
node (32390, 32173, 11)
node (32390, 32163, 11)
node (32387, 32153, 11)
node (32376, 32153, 11)
node (32360, 32153, 11)
node (32355, 32144, 11)
ladder (32355, 32138, 11)
ladder (32354, 32138, 10)
door (32355, 32142, 9)
node (32363, 32150, 9)
node (32357, 32163, 9)
node (32358, 32176, 9)
stand (32356, 32173, 9)
stand (32356, 32170, 8)
door (32358, 32172, 7)
node (32367, 32172, 7)
node (32371, 32163, 7)
node (32383, 32162, 7)
node (32393, 32162, 7)
node (32405, 32160, 7)
node (32413, 32151, 7)
node (32424, 32144, 7)
node (32435, 32137, 7)
node (32444, 32137, 7)
node (32448, 32127, 7)
node (32457, 32120, 7)
node (32470, 32123, 7)
node (32484, 32125, 7)
node (32496, 32121, 7)
node (32500, 32110, 7)
node (32505, 32100, 7)
node (32511, 32093, 7)
node (32518, 32089, 7)
stand (32524, 32088, 7)
stand (32531, 32088, 6)
node (32540, 32081, 7)
stand (32548, 32077, 7)
stand (32554, 32077, 6)
node (32560, 32069, 7)
node (32564, 32060, 7)
node (32565, 32049, 7)
node (32566, 32041, 7)
node (32568, 32033, 7)
node (32572, 32024, 7)
stand (32567, 32021, 7)
stand (32568, 32020, 6)
label kevin_last
stand (32567, 32021, 6)
node (32570, 32028, 7)
node (32567, 32037, 7)
node (32566, 32046, 7)
node (32565, 32056, 7)
node (32563, 32066, 7)
node (32559, 32073, 7)
stand (32554, 32076, 7)
stand (32548, 32076, 6)
node (32539, 32082, 7)
stand (32531, 32087, 7)
stand (32524, 32087, 6)
node (32513, 32091, 7)
node (32506, 32099, 7)
node (32501, 32107, 7)
node (32497, 32116, 7)
node (32492, 32124, 7)
node (32482, 32125, 7)
node (32470, 32124, 7)
node (32459, 32120, 7)
node (32449, 32123, 7)
node (32446, 32133, 7)
node (32433, 32137, 7)
node (32424, 32144, 7)
node (32414, 32151, 7)
node (32404, 32160, 7)
node (32394, 32162, 7)
node (32381, 32162, 7)
node (32368, 32168, 7)
node (32368, 32178, 7)
node (32368, 32190, 7)
node (32368, 32198, 7)
node (32368, 32208, 7)
node (32362, 32215, 7)
node (32350, 32215, 7)
node (32338, 32215, 7)
node (32327, 32215, 7)
ladder (32321, 32211, 7)
stand (32310, 32210, 6)
action travel_edron
stand (33175, 31775, 6)
node (33190, 31786, 7)
label train
node (33191, 31790, 7)
stand (33179, 31790, 7)
action check_train
label magic
ladder (33181, 31793, 7)
action end
label distance
ladder (33178, 31793, 7)
action end
label club
ladder (33176, 31790, 7)
action end
label sword
ladder (33178, 31787, 7)
action end
label axe
ladder (33181, 31787, 7)
action end
label start trainer
node (33199, 31792, 7)
node (33202, 31801, 7)