label start
node (32681, 31686, 6)
action deposit
node (32681, 31669, 6)
node (32670, 31660, 6)
stand (32670, 31659, 6)
action sell
action buy_potions
stand (32669, 31663, 6)
action check_supplies
node (32659, 31664, 6)
label go_hunt
node (32656, 31673, 6)
stand (32656, 31674, 6)
node (32645, 31693, 7)
node (32641, 31716, 7)
node (32641, 31750, 7)
node (32642, 31774, 7)
node (32640, 31792, 7)
node (32639, 31806, 7)
node (32643, 31821, 7)
node (32652, 31812, 7)
node (32659, 31805, 7)
node (32665, 31798, 7)
stand (32671, 31796, 7)
node (32671, 31801, 6)
node (32679, 31805, 6)
stand (32683, 31807, 6)
node (32685, 31819, 7)
node (32680, 31831, 7)
node (32681, 31841, 7)
node (32684, 31851, 7)
node (32686, 31866, 7)
node (32690, 31882, 7)
node (32700, 31892, 7)
node (32708, 31885, 7)
node (32713, 31874, 7)
node (32726, 31870, 7)
node (32751, 31857, 7)
node (32756, 31842, 7)
node (32770, 31834, 7)
node (32783, 31829, 7)
label hunt
node (32794, 31822, 7)
stand (32801, 31832, 7)
stand (32812, 31844, 7)
stand (32814, 31856, 7)
stand (32810, 31867, 7)
node (32811, 31856, 7)
node (32809, 31844, 7)
node (32805, 31833, 7)
stand (32815, 31823, 7)
node (32806, 31816, 7)
stand (32807, 31805, 7)
node (32821, 31805, 7)
stand (32828, 31816, 7)
stand (32838, 31839, 7)
stand (32839, 31855, 7)
stand (32852, 31842, 7)
stand (32860, 31831, 7)
stand (32846, 31815, 7)
stand (32823, 31795, 7)
node (32802, 31797, 7)
stand (32788, 31796, 7)
stand (32770, 31790, 7)
stand (32784, 31778, 7)
stand (32787, 31759, 7)
stand (32799, 31747, 7)
stand (32787, 31733, 7)
stand (32770, 31728, 7)
stand (32773, 31746, 7)
stand (32770, 31761, 7)
node (32770, 31785, 7)
node (32782, 31803, 7)
stand (32787, 31812, 7)
action check
label leave
node (32782, 31830, 7)
node (32768, 31831, 7)
node (32755, 31842, 7)
node (32745, 31859, 7)
node (32731, 31872, 7)
node (32711, 31878, 7)
node (32704, 31892, 7)
node (32691, 31884, 7)
node (32682, 31871, 7)
node (32674, 31861, 7)
node (32675, 31849, 7)
node (32675, 31834, 7)
node (32681, 31824, 7)
node (32685, 31816, 7)
stand (32683, 31807, 7)
node (32677, 31804, 6)
node (32672, 31799, 6)
stand (32671, 31796, 6)
node (32663, 31798, 7)
node (32656, 31807, 7)
node (32650, 31815, 7)
node (32641, 31817, 7)
node (32638, 31801, 7)
node (32643, 31782, 7)
node (32643, 31763, 7)
node (32640, 31741, 7)
node (32640, 31709, 7)
node (32649, 31684, 7)
ladder (32656, 31674, 7)
node (32666, 31686, 6)
node (32681, 31687, 6)
action check_time
action end